1 25 53 1.00784 0.00008988
2 120 31 4.002602 0.0001785
3 145 167 6.938 0.534
4 105 112 9.0121831 1.85
5 85 87 10.806 2.34
6 70 67 12.0096 3.513
7 65 56 14.00643 0.0012506
8 60 48 15.99903 0.001429 
9 50 42 18.998403163 0.001696
10 160 38 20.1797 0.0008999
11 180 190 22.98976928 0.971
12 150 145 24.304 1.738
13 125 118 26.9815385 2.698
14 110 111 28.084 2.3296
15 100 98 30.973761998 1.82 
16 100 00 32.059 2.067
17 100 79 35.446 0.003214
18 71 71 39.948 0.0017837
19 220 243 39.0983 0.862
20 180 194 40.078 1.54
21 160 184 44.955908 2.989
22 140 176 47.867 4.540
23 135 171 50.9415 6.11
24 140 166 51.9961 7.15
25 140 161 54.938044 7.44
26 140 156 55.845 7.874
27 135 152 58.933194 8.86
28 135 149 58.6934 8.912
29 135 145 63.546 8.96
30 135 142 65.38 7.134
31 130 136 69.723 5.907
32 125 125 72.630 5.323
33 115 114 74.921595 5.776
34 115 103 78.971 4.809
35 115 94 79.901 3.122
36 1 88 83.798 0.003733
37 235 265 85.4678 1.532
38 200 219 87.62 2.64
39 180 212 88.90594 4.469
40 155 206 91.224 6.506
41 145 198 92.90637 8.570
42 145 190 95.95 10.22
43 135 183 97 11.50
44 130 178 101.07 12.37
45 135 173 102.90550 12.41
46 140 169 106.42 12.020
47 160 165 107.8682 10.501
48 155 161 112.414 8.69
49 155 156 114.818 7.310
50 145 145 118.710 7.287
51 145 133 121.760 6.685
52 140 123 127.60 6.232
53 140 115 126.90447 4.93
54 1 108 131.293 0.005887
55 260	298 132.90545196 1.873
56 215	253 137.327 3.594
57 195	195 138.90547 6.145
58 185	158 140.116 6.770
59 185 247 140.90766 6.773
60 185	206 144.242 7.007
61 185	205 145 7.26
62 185	238 150.36 7.52
63 185 231 151.964 5.243
64 180	233 157.25 7.895
65 175	225 158.92535 8.229
66 175	228 162.500 8.55
67 175 226 164.93033 8.795
68 175	226 167.259 9.066
69 175 222 168.93422 9.321
70 175	222 173.045 6.965
71 175	217 174.9668 9.84 
72 155	208 178.49 13.31
73 145	200 180.94788 16.654
74 135 193 183.84 19.25
75 135	188 186.207 21.02
76 130 185 190.23 22.610
77 135	180 192.217 22.650
78 135 177 195.084 21.46
79 135	174 196.966569 19.282
80 150	171 200.592 13.5336
81 190	156 204.382 11.85
82 180	154 207.2 11.342
83 160	143 208.98040 9.807
84 190	135 209 9.32
85 1 127 210 7
86 1 120 222 0.00973